This output will be chunked encoded by the server, if your client is HTTP/1.1
Below this line, is 1000 repeated lines of 0-9.
-------------------------------------------------------------------------
01234567890123456789012345678901234567890123456789012345678901234567890
01234567890123456789012345678901234567890123456789012345678901234567890
01234567890123456789012345678901234567890123456789012345678901234567890
01234567890123456789012345678901234567890123456789012345678901234567890
01234567890123456789012345678901234567890123456789012345678901234567890
01234567890123456789012345678901234567890123456789012345678901234567890
01234567890123456789012345678901234567890123456789012345678901234567890
01234567890123456789012345678901234567890123456789012345678901234567890
01234567890123456789012345678901234567890123456789012345678901234567890
01234567890123456789012345678901234567890123456789012345678901234567890
01234567890123456789012345678901234567890123456789012345678901234567890
01234567890123456789012345678901234567890123456789012345678901234567890
01234567890123456789012345678901234567890123456789012345678901234567890
01234567890123456789012345678901234567890123456789012345678901234567890
01234567890123456789012345678901234567890123456789012345678901234567890
01234567890123456789012345678901234567890123456789012345678901234567890
01234567890123456789012345678901234567890123456789012345678901234567890
01234567890123456789012345678901234567890123456789012345678901234567890
01234567890123456789012345678901234567890123456789012345678901234567890
01234567890123456789012345678901234567890123456789012345678901234567890
01234567890123456789012345678901234567890123456789012345678901234567890
01234567890123456789012345678901234567890123456789012345678901234567890
01234567890123456789012345678901234567890123456789012345678901234567890
01234567890123456789012345678901234567890123456789012345678901234567890
01234567890123456789012345678901234567890123456789012345678901234567890
01234567890123456789012345678901234567890123456789012345678901234567890
01234567890123456789012345678901234567890123456789012345678901234567890
01234567890123456789012345678901234567890123456789012345678901234567890
01234567890123456789012345678901234567890123456789012345678901234567890
01234567890123456789012345678901234567890123456789012345678901234567890
01234567890123456789012345678901234567890123456789012345678901234567890
01234567890123456789012345678901234567890123456789012345678901234567890
01234567890123456789012345678901234567890123456789012345678901234567890
01234567890123456789045678901234567890
01234567890123456789012345678901234567890123456789012345678901234567890
01234567890123456789012345678901234567890123456789012345678901234567890
0112345678901234567890123456789012345678901234567890
01234567890123456789012345678901234567890123456789012345678901234567890
01234567890123456789012345678901234567890123456789012345678901234567890
01234567890123456789012345678901234567890123456789012345678901234567890
01234567890123456789012345678901234567890123456789012345678901234567890
01234567890123456789012345678901234567890123456789012345678901234567890
01234567890123456789012345678901234567890123456789012345678901234567890
01234567890123456789012345678901234567890123456789012345678901234567890
01234567890123456789012345678901234567890123456789012345678901234567890
01234567890123456789012345678901234567890123456789012345678901234567890
01234567890123456789012345678901234567890123456789012345678901234567890
01234567890123456789012345678901234567890123456789012345678901234567890
01234567890123456789012345678901234567890123456789012345678901234567890
01234567890123456789012345678901234567890123456789012345678901234567890
01234567890123456789012345678901234567890123456789012345678901234567890
01234567890123456789012345678901234567890123456789012345678901234567890
01234567890123456789012345678901234567890123456789012345678901234567890
01234567890123456789012345678901234567890123456789012345678901234567890
01234567890123456789012345678901234567890123456789012345678901234567890
01234567890123456789012345678901234567890123456789012345678901234567890
01234567890123456789012345678901234567890123456789012345678901234567890
01234567890123456789012345678901234567890123456789012345678901234567890
01234567890123456789012345678901234567890123456789012345678901234567890
01234567890123456789012345678901234567890123456789012345678901234567890
01234567890123456789012345678901234567890123456789012345678901234567890
01234567890123456789012345678901234567890123456789012345678901234567890
01234567890123456789012345678901234567890123456789012345678901234567890
01234567890123456789012345678901234567890123456789012345678901234567890
01234567890123456789012345678901234567890123456789012345678901234567890
01234567890123456789012345678901234567890123456789012345678901234567890
01234567890123456789012345678901234567890123456789012345678901234567890
01234567890123456789012345678901234567890123456789012345678901234567890
01234567890123456789012345678901234567890123456789012345678901234567890
01234567890123456789012345678901234567890123456789012345678901234567890
01234567890123456789012345678901234567890123456789012345678901234567890
01234567890123456789012345678901234567890123456789012345678901234567890
01234567890123456789012345678901234567890123456789012345678901234567890
01234567890123456789012345678901234567890123456789012345678901234567890
01234567890123456789012345678901234567890123456789012345678901234567890
01234567890123456789012345678901234567890123456789012345678901234567890
01234567890123456789012345678901234567890123456789012345678901234567890
01234567890123456789012345678901234567890123456789012345678901234567890
01234567890123456789012345678901234567890123456789012345678901234567890
01234567890123456789012345678901234567890123456789012345678901234567890
01234567890123456789012345678901234567890123456789012345678901234567890
01234567890123456789012345678901234567890123456789012345678901234567890
01234567890123456789012345678901234567890123456789012345678901234567890
01234567890123456789012345678901234567890123456789012345678901234567890
01234567890123456789012345678901234567890123456789012345678901234567890
01234567890123456789012345678901234567890123456789012345678901234567890
01234567890123456789012345678901234567890123456789012345678901234567890
01234567890123456789012345678901234567890123456789012345678901234567890
01234567890123456789012345678901234567890123456789012345678901234567890
01234567890123456789012345678901234567890123456789012345678901234567890
01234567890123456789012345678901234567890123456789012345678901234567890
01234567890123456789012345678901234567890123456789012345678901234567890
01234567890123456789012345678901234567890123456789012345678901234567890
01234567890123456789012345678901234567890123456789012345678901234567890
01234567890123456789012345678901234567890123456789012345678901234567890
01234567890123456789012345678901234567890123456789012345678901234567890
01234567890123456789012345678901234567890123467890123456789012345678901234567890123456789012345678901234567890
01234567890123456789012345678901234567890123456789012345678901234567890
01234567890123456789012345678901234567890123456789012345678901234567890
01234567890123456789012345678901234556789012345678901234567890
01234567890123456789012345678901234567890123456789012345678901234567890
01234567890123456789012345678901234567890123456789012345678901234567890
01234567890123456789012345678901234567890123456789012345678901234567890
01234567890123456789012345678901234567890123456789012345678901234567890
01234567890123456789012345678901234567890123456789012345678901234567890
01234567890123456789012345678901234567890123456789012345678901234567890
01234567890123456789012345678901234567890123456789012345678901234567890
01234567890123456789012345678901234567890123456789012345678901234567890
01234567890123456789012345678901234567890123456789012345678901234567890
01234567890123456789012345678901234567890123456789012345678901234567890
01234567890123456789012345678901234567890123456789012345678901234567890
01234567890123456789012345678901234567890123456789012345678901234567890
01234567890123456789012345678901234567890123456789012345678901234567890
01234567890123456789012345678901234567890123456789012345678901234567890
01234567890123456789012345678901234567890123456789012345678901234567890
01234567890123456789012345678901234567890123456789012345678901234567890
01234567890123456789012345678901234567890123456789012345678901234567890
01234567890123456789012345678901234567890123456789012345678901234567890
01234567890123456789012345678901234567890123456789012345678901234567890
01234567890123456789012345678901234567890123456789012345678901234567890
01234567890123456789012345678901234567890123456789012345678901234567890
01234567890123456789012345678901234567890123456789012345678901234567890
01234567890123456789012345678901234567890123456789012345678901234567890
01234567890123456789012345678901234567890123456789012345678901234567890
01234567890123456789012345678901234567890123456789012345678901234567890
01234567890123456789012345678901234567890123456789012345678901234567890
01234567890123456789012345678901234567890123456789012345678901234567890
01234567890123456789012345678901234567890123456789012345678901234567890
01234567890123456789012345678901234567890123456789012345678901234567890
01234567890123456789012345678901234567890123456789012345678901234567890
01234567890123456789012345678901234567890123456789012345678901234567890
01234567890123456789012345678901234567890123456789012345678901234567890
01234567890123456789012345678901234567890123456789012345678901234567890
01234567890123456789012345678901234567890123456789012345678901234567890
01234567890123456789012345678901234567890123456789012345678901234567890
01234567890123456789012345678901234567890123456789012345678901234567890
01234567890123456789012345678901234567890123456789012345678901234567890
01234567890123456789012345678901234567890123456789012345678901234567890
01234567890123456789012345678901234567890123456789012345678901234567890
01234567890123456789012345678901234567890123456789012345678901234567890
01234567890123456789012345678901234567890123456789012345678901234567890
01234567890123456789012345678901234567890123456789012345678901234567890
01234567890123456789012345678901234567890123456789012345678901234567890
01234567890123456789012345678901234567890123456789012345678901234567890
01234567890123456789012345678901234567890123456789012345678901234567890
01234567890123456789012345678901234567890123456789012345678901234567890
01234567890123456789012345678901234567890123456789012345678901234567890
01234567890123456789012345678901234567890123456789012345678901234567890
01234567890123456789012345678901234567890123456789012345678901234567890
01234567890123456789012345678901234567890123456789012345678901234567890
01234567890123456789012345678901234567890123456789012345678901234567890
01234567890123456789012345678901234567890123456789012345678901234567890
01234567890123456789012345678901234567890123456789012345678901234567890
01234567890123456789012345678901234567890123456789012345678901234567890
01234567890123456789012345678901234567890123456789012345678901234567890
01234567890123456789012345678901234567890123456789012345678901234567890
01234567890123456789012345678901234567890123456789012345678901234567890
01234567890123456789012345678901234567890123456789012345678901234567890
01234567890123456789012345678901234567890123456789012345678901234567890
01234567890123456789012345678901234567890123456789012345678901234567890
01234567890123456789012345678901234567890123456789012345678901234567890
01234567890123456789012345678901234567890123456789012345678901234567890
01234567890123456789012345678901234567890123456789012345678901234567890
01234567890123456789012345678901234567890123456789012345678901234567890
01234567890123456789012345678901234567890123456789012345678901234567890
01234567890123456789012345678901234567890123456789012345678901234567890
01234567890123456789012345678901234567890123456789012345678901234567890
01234567890123456789012345678901234567890123456789012345678901234567890
01234567890123456789012345678901234567890123456789012345678901234567890
01234567890123456789012345678901234567890123456789012345678901234567890
01234567890123456789012345678901234567890123456789012345678901234567890
01234567890123456789012345678901234567890123456789012345678901234567890
01234567890123456789012345678901234567890123456789012345678901234567890
01234567890123456789012345678901234567890123456789012345678901234567890
01234567890123456789012345678901234567890123456789012345678901234567890
01234567890123456789012345678901234567890123456789012345678901234567890
01234567890123456789012345678901234567890123456789012345678901234567890
01234567890123456789012345678901234567890123456789012345678901234567890
01234567890123456789012345678901234567890123456789012345678901234567890
01234567890123456789012345678901234567890123456789012345678901234567890
01234567890123456789012345678901234567890123456789012345678901234567890
01234567890123456789012345678901234567890123456789012345678901234567890
01234567890123456789012345678901234567890123456789012345678901234567890
01234567890123456789012345678901234567890123456789012345678901234567890
01234567890123456789012345678901234567890123456789012345678901234567890
01234567890123456789012345678901234567890123456789012345678901234567890
01234567890123456789012345678901234567890123456789012345678901234567890
01234567890123456789012345678901234567890123456789012345678901234567890
01234567890123456789012345678901234567890123456789012345678901234567890
01234567890123456789012345678901234567890123456789012345678901234567890
01234567890123456789012345678901234567890123456789012345678901234567890
01234567890123456789012345678901234567890123456789012345678901234567890
01234567890123456789012345678901234567890123456789012345678901234567890
01234567890123456789012345678901234567890123456789012345678901234567890
01234567890123456789012345678901234567890123456789012345678901234567890
01234567890123456789012345678901234567890123456789012345678901234567890
01234567890123456789012345678901234567890123456789012345678901234567890
01234567890123456789012345678901234567890123456789012345678901234567890
01234567890123456789012345678901234567890123456789012345678901234567890
01234567890123456789012345678901234567890123456789012345678901234567890
01234567890126789012345678901234567890
01234567890123456789012345678901234567890123456789012345678901234567890
0123456789012345678901234567890123456789012345678901234563456789012345678901234567890123456789012345678901234567890
01234567890123456789012345678901234567890123456789012345678901234567890
01234567890123456789012345678901234567890123456789012345678901234567890
01234567890123456789012345678901234567890123456789012345678901234567890
01234567890123456789012345678901234567890123456789012345678901234567890
01234567890123456789012345678901234567890123456789012345678901234567890
01234567890123456789012345678901234567890123456789012345678901234567890
01234567890123456789012345678901234567890123456789012345678901234567890
01234567890123456789012345678901234567890123456789012345678901234567890
01234567890123456789012345678901234567890123456789012345678901234567890
0123456789012345678901234567890123456789012345678901234567